## smooth -i I2457.txt
 -2419     0.000000
 -2418     0.000000
 -2417     0.000000
 -2416     0.000000
 -2415     0.000000
 -2414     0.000000
 -2413     0.000000
 -2412     0.000000
 -2411     0.000000
 -2410     0.000000
 -2409     0.000000
 -2408     0.000000
 -2407     0.000000
 -2406     0.000000
 -2405     0.000000
 -2404     0.000000
 -2403     0.000000
 -2402     0.000000
 -2401     0.000000
 -2400     0.000000
 -2399     0.000000
 -2398     0.000000
 -2397     0.000000
 -2396     0.000000
 -2395     0.000000
 -2394     0.000000
 -2393     0.000000
 -2392     0.000000
 -2391     0.000000
 -2390     0.000000
 -2389     0.000000
 -2388     0.000000
 -2387     0.000000
 -2386     0.000000
 -2385     0.000000
 -2384     0.000000
 -2383     0.000000
 -2382     0.000000
 -2381     0.000000
 -2380     0.000000
 -2379     0.000000
 -2378     0.000000
 -2377     0.000000
 -2376     0.000000
 -2375     0.000000
 -2374     0.000000
 -2373     0.000000
 -2372     0.000000
 -2371     0.000000
 -2370     0.000000
 -2369     0.000000
 -2368     0.000000
 -2367     0.000000
 -2366     0.000000
 -2365     0.000000
 -2364     0.000000
 -2363     0.000000
 -2362     0.000000
 -2361     0.000000
 -2360     0.000000
 -2359     0.000000
 -2358     0.000000
 -2357     0.000000
 -2356     0.000000
 -2355     0.000000
 -2354     0.000000
 -2353     0.000000
 -2352     0.000000
 -2351     0.000000
 -2350     0.000000
 -2349     0.000000
 -2348     0.000000
 -2347     0.000000
 -2346     0.000000
 -2345     0.000000
 -2344     0.000000
 -2343     0.000000
 -2342     0.000000
 -2341     0.000000
 -2340     0.000000
 -2339     0.000000
 -2338     0.000000
 -2337     0.000000
 -2336     0.000000
 -2335     0.000000
 -2334     0.000000
 -2333     0.000000
 -2332     0.000000
 -2331     0.000000
 -2330     0.000000
 -2329     0.000000
 -2328     0.000000
 -2327     0.000000
 -2326     0.000000
 -2325     0.000000
 -2324     0.000000
 -2323     0.000000
 -2322     0.000000
 -2321     0.000000
 -2320     0.000000
 -2319     0.000000
 -2318     0.000000
 -2317     0.000000
 -2316     0.000000
 -2315     0.000000
 -2314     0.000000
 -2313     0.000000
 -2312     0.000000
 -2311     0.000000
 -2310     0.000000
 -2309     0.000000
 -2308     0.000000
 -2307     0.000000
 -2306     0.000000
 -2305     0.000000
 -2304     0.000000
 -2303     0.000000
 -2302     0.000000
 -2301     0.000000
 -2300     0.000000
 -2299     0.000000
 -2298     0.000000
 -2297     0.000000
 -2296     0.000000
 -2295     0.000000
 -2294     0.000000
 -2293     0.000000
 -2292     0.000000
 -2291     0.000001
 -2290     0.000002
 -2289     0.000003
 -2288     0.000006
 -2287     0.000009
 -2286     0.000012
 -2285     0.000016
 -2284     0.000019
 -2283     0.000022
 -2282     0.000026
 -2281     0.000030
 -2280     0.000035
 -2279     0.000041
 -2278     0.000049
 -2277     0.000059
 -2276     0.000074
 -2275     0.000093
 -2274     0.000119
 -2273     0.000150
 -2272     0.000183
 -2271     0.000216
 -2270     0.000246
 -2269     0.000271
 -2268     0.000291
 -2267     0.000305
 -2266     0.000318
 -2265     0.000329
 -2264     0.000340
 -2263     0.000351
 -2262     0.000358
 -2261     0.000358
 -2260     0.000346
 -2259     0.000319
 -2258     0.000280
 -2257     0.000233
 -2256     0.000186
 -2255     0.000144
 -2254     0.000114
 -2253     0.000097
 -2252     0.000089
 -2251     0.000086
 -2250     0.000082
 -2249     0.000074
 -2248     0.000061
 -2247     0.000046
 -2246     0.000031
 -2245     0.000018
 -2244     0.000010
 -2243     0.000008
 -2242     0.000010
 -2241     0.000014
 -2240     0.000018
 -2239     0.000020
 -2238     0.000020
 -2237     0.000018
 -2236     0.000016
 -2235     0.000013
 -2234     0.000011
 -2233     0.000010
 -2232     0.000013
 -2231     0.000019
 -2230     0.000030
 -2229     0.000046
 -2228     0.000068
 -2227     0.000090
 -2226     0.000110
 -2225     0.000124
 -2224     0.000128
 -2223     0.000122
 -2222     0.000108
 -2221     0.000091
 -2220     0.000072
 -2219     0.000055
 -2218     0.000041
 -2217     0.000031
 -2216     0.000025
 -2215     0.000023
 -2214     0.000026
 -2213     0.000033
 -2212     0.000043
 -2211     0.000054
 -2210     0.000066
 -2209     0.000077
 -2208     0.000090
 -2207     0.000113
 -2206     0.000153
 -2205     0.000218
 -2204     0.000315
 -2203     0.000451
 -2202     0.000632
 -2201     0.000864
 -2200     0.001153
 -2199     0.001504
 -2198     0.001916
 -2197     0.002377
 -2196     0.002877
 -2195     0.003406
 -2194     0.003953
 -2193     0.004501
 -2192     0.005028
 -2191     0.005513
 -2190     0.005933
 -2189     0.006267
 -2188     0.006510
 -2187     0.006674
 -2186     0.006774
 -2185     0.006821
 -2184     0.006829
 -2183     0.006799
 -2182     0.006725
 -2181     0.006597
 -2180     0.006407
 -2179     0.006147
 -2178     0.005828
 -2177     0.005481
 -2176     0.005137
 -2175     0.004827
 -2174     0.004580
 -2173     0.004399
 -2172     0.004258
 -2171     0.004130
 -2170     0.003988
 -2169     0.003806
 -2168     0.003582
 -2167     0.003341
 -2166     0.003105
 -2165     0.002899
 -2164     0.002747
 -2163     0.002646
 -2162     0.002568
 -2161     0.002486
 -2160     0.002371
 -2159     0.002196
 -2158     0.001971
 -2157     0.001740
 -2156     0.001550
 -2155     0.001447
 -2154     0.001478
 -2153     0.001641
 -2152     0.001896
 -2151     0.002195
 -2150     0.002496
 -2149     0.002754
 -2148     0.002966
 -2147     0.003164
 -2146     0.003386
 -2145     0.003667
 -2144     0.004042
 -2143     0.004514
 -2142     0.005058
 -2141     0.005647
 -2140     0.006252
 -2139     0.006848
 -2138     0.007405
 -2137     0.007893
 -2136     0.008284
 -2135     0.008548
 -2134     0.008656
 -2133     0.008614
 -2132     0.008457
 -2131     0.008224
 -2130     0.007952
 -2129     0.007680
 -2128     0.007426
 -2127     0.007192
 -2126     0.006978
 -2125     0.006786
 -2124     0.006614
 -2123     0.006458
 -2122     0.006308
 -2121     0.006152
 -2120     0.005981
 -2119     0.005784
 -2118     0.005559
 -2117     0.005316
 -2116     0.005064
 -2115     0.004810
 -2114     0.004565
 -2113     0.004334
 -2112     0.004124
 -2111     0.003938
 -2110     0.003784
 -2109     0.003664
 -2108     0.003580
 -2107     0.003530
 -2106     0.003509
 -2105     0.003514
 -2104     0.003543
 -2103     0.003597
 -2102     0.003681
 -2101     0.003802
 -2100     0.003966
 -2099     0.004178
 -2098     0.004432
 -2097     0.004710
 -2096     0.004991
 -2095     0.005257
 -2094     0.005490
 -2093     0.005690
 -2092     0.005876
 -2091     0.006069
 -2090     0.006288
 -2089     0.006552
 -2088     0.006857
 -2087     0.007179
 -2086     0.007490
 -2085     0.007762
 -2084     0.007971
 -2083     0.008114
 -2082     0.008212
 -2081     0.008291
 -2080     0.008371
 -2079     0.008477
 -2078     0.008608
 -2077     0.008743
 -2076     0.008860
 -2075     0.008935
 -2074     0.008949
 -2073     0.008902
 -2072     0.008817
 -2071     0.008718
 -2070     0.008632
 -2069     0.008580
 -2068     0.008568
 -2067     0.008582
 -2066     0.008608
 -2065     0.008630
 -2064     0.008636
 -2063     0.008620
 -2062     0.008588
 -2061     0.008546
 -2060     0.008500
 -2059     0.008457
 -2058     0.008417
 -2057     0.008378
 -2056     0.008338
 -2055     0.008293
 -2054     0.008241
 -2053     0.008180
 -2052     0.008112
 -2051     0.008035
 -2050     0.007950
 -2049     0.007858
 -2048     0.007755
 -2047     0.007633
 -2046     0.007487
 -2045     0.007308
 -2044     0.007090
 -2043     0.006832
 -2042     0.006542
 -2041     0.006226
 -2040     0.005891
 -2039     0.005543
 -2038     0.005185
 -2037     0.004814
 -2036     0.004427
 -2035     0.004023
 -2034     0.003598
 -2033     0.003160
 -2032     0.002724
 -2031     0.002308
 -2030     0.001926
 -2029     0.001594
 -2028     0.001319
 -2027     0.001094
 -2026     0.000914
 -2025     0.000772
 -2024     0.000663
 -2023     0.000580
 -2022     0.000517
 -2021     0.000468
 -2020     0.000426
 -2019     0.000385
 -2018     0.000343
 -2017     0.000302
 -2016     0.000262
 -2015     0.000225
 -2014     0.000193
 -2013     0.000166
 -2012     0.000143
 -2011     0.000124
 -2010     0.000106
 -2009     0.000091
 -2008     0.000076
 -2007     0.000064
 -2006     0.000054
 -2005     0.000048
 -2004     0.000047
 -2003     0.000051
 -2002     0.000059
 -2001     0.000070
 -2000     0.000083
 -1999     0.000099
 -1998     0.000116
 -1997     0.000136
 -1996     0.000161
 -1995     0.000191
 -1994     0.000227
 -1993     0.000269
 -1992     0.000316
 -1991     0.000365
 -1990     0.000415
 -1989     0.000463
 -1988     0.000507
 -1987     0.000542
 -1986     0.000561
 -1985     0.000562
 -1984     0.000537
 -1983     0.000490
 -1982     0.000426
 -1981     0.000355
 -1980     0.000283
 -1979     0.000217
 -1978     0.000163
 -1977     0.000119
 -1976     0.000085
 -1975     0.000061
 -1974     0.000046
 -1973     0.000039
 -1972     0.000039
 -1971     0.000042
 -1970     0.000046
 -1969     0.000050
 -1968     0.000051
 -1967     0.000051
 -1966     0.000050
 -1965     0.000049
 -1964     0.000048
 -1963     0.000047
 -1962     0.000046
 -1961     0.000044
 -1960     0.000042
 -1959     0.000039
 -1958     0.000034
 -1957     0.000030
 -1956     0.000025
 -1955     0.000021
 -1954     0.000017
 -1953     0.000015
 -1952     0.000014
 -1951     0.000013
 -1950     0.000012
 -1949     0.000011
 -1948     0.000009
 -1947     0.000008
 -1946     0.000007
 -1945     0.000005
 -1944     0.000004
 -1943     0.000003
 -1942     0.000003
 -1941     0.000002
 -1940     0.000002
 -1939     0.000001
 -1938     0.000001
 -1937     0.000001
 -1936     0.000000
 -1935     0.000000
 -1934     0.000000
 -1933     0.000000
 -1932     0.000000
 -1931     0.000000
 -1930     0.000000
 -1929     0.000000
 -1928     0.000001
 -1927     0.000000
 -1926     0.000000
 -1925     0.000000
 -1924     0.000000
 -1923     0.000000
 -1922     0.000000
 -1921     0.000000
 -1920     0.000000
 -1919     0.000000
 -1918     0.000000
 -1917     0.000000
 -1916     0.000000
 -1915     0.000000
 -1914     0.000000
 -1913     0.000000
 -1912     0.000000
 -1911     0.000000
 -1910     0.000000
 -1909     0.000000
 -1908     0.000000
 -1907     0.000000
 -1906     0.000000
 -1905     0.000000
 -1904     0.000000
 -1903     0.000000
 -1902     0.000000
 -1901     0.000000
 -1900     0.000000
 -1899     0.000000
 -1898     0.000000
 -1897     0.000000
 -1896     0.000000
 -1895     0.000000
 -1894     0.000000
 -1893     0.000000
 -1892     0.000000
 -1891     0.000000
 -1890     0.000000
 -1889     0.000000
 -1888     0.000000
 -1887     0.000000
 -1886     0.000000
 -1885     0.000000
 -1884     0.000000
 -1883     0.000000
 -1882     0.000000
 -1881     0.000000
 -1880     0.000000
 -1879     0.000000
 -1878     0.000000
 -1877     0.000000
 -1876     0.000000
 -1875     0.000000
 -1874     0.000000
 -1873     0.000000
 -1872     0.000000
 -1871     0.000000
 -1870     0.000000
