## smooth -i I2600.txt
 -2294     0.000000
 -2293     0.000000
 -2292     0.000000
 -2291     0.000000
 -2290     0.000000
 -2289     0.000000
 -2288     0.000000
 -2287     0.000000
 -2286     0.000000
 -2285     0.000000
 -2284     0.000000
 -2283     0.000000
 -2282     0.000000
 -2281     0.000000
 -2280     0.000000
 -2279     0.000000
 -2278     0.000000
 -2277     0.000000
 -2276     0.000000
 -2275     0.000000
 -2274     0.000000
 -2273     0.000000
 -2272     0.000000
 -2271     0.000000
 -2270     0.000000
 -2269     0.000000
 -2268     0.000000
 -2267     0.000000
 -2266     0.000000
 -2265     0.000000
 -2264     0.000000
 -2263     0.000000
 -2262     0.000000
 -2261     0.000000
 -2260     0.000000
 -2259     0.000000
 -2258     0.000000
 -2257     0.000000
 -2256     0.000000
 -2255     0.000000
 -2254     0.000000
 -2253     0.000000
 -2252     0.000000
 -2251     0.000000
 -2250     0.000000
 -2249     0.000000
 -2248     0.000000
 -2247     0.000000
 -2246     0.000000
 -2245     0.000000
 -2244     0.000000
 -2243     0.000000
 -2242     0.000000
 -2241     0.000000
 -2240     0.000000
 -2239     0.000000
 -2238     0.000000
 -2237     0.000000
 -2236     0.000000
 -2235     0.000000
 -2234     0.000000
 -2233     0.000000
 -2232     0.000000
 -2231     0.000000
 -2230     0.000000
 -2229     0.000000
 -2228     0.000000
 -2227     0.000000
 -2226     0.000000
 -2225     0.000000
 -2224     0.000000
 -2223     0.000000
 -2222     0.000000
 -2221     0.000000
 -2220     0.000000
 -2219     0.000000
 -2218     0.000000
 -2217     0.000000
 -2216     0.000000
 -2215     0.000000
 -2214     0.000000
 -2213     0.000000
 -2212     0.000000
 -2211     0.000000
 -2210     0.000000
 -2209     0.000000
 -2208     0.000000
 -2207     0.000000
 -2206     0.000000
 -2205     0.000000
 -2204     0.000000
 -2203     0.000000
 -2202     0.000001
 -2201     0.000001
 -2200     0.000001
 -2199     0.000001
 -2198     0.000001
 -2197     0.000001
 -2196     0.000003
 -2195     0.000006
 -2194     0.000010
 -2193     0.000017
 -2192     0.000024
 -2191     0.000032
 -2190     0.000039
 -2189     0.000046
 -2188     0.000051
 -2187     0.000055
 -2186     0.000057
 -2185     0.000059
 -2184     0.000060
 -2183     0.000059
 -2182     0.000057
 -2181     0.000055
 -2180     0.000050
 -2179     0.000045
 -2178     0.000038
 -2177     0.000031
 -2176     0.000024
 -2175     0.000019
 -2174     0.000015
 -2173     0.000013
 -2172     0.000013
 -2171     0.000013
 -2170     0.000013
 -2169     0.000012
 -2168     0.000011
 -2167     0.000009
 -2166     0.000007
 -2165     0.000005
 -2164     0.000004
 -2163     0.000003
 -2162     0.000003
 -2161     0.000003
 -2160     0.000003
 -2159     0.000002
 -2158     0.000002
 -2157     0.000001
 -2156     0.000001
 -2155     0.000001
 -2154     0.000001
 -2153     0.000001
 -2152     0.000001
 -2151     0.000002
 -2150     0.000003
 -2149     0.000004
 -2148     0.000005
 -2147     0.000006
 -2146     0.000007
 -2145     0.000008
 -2144     0.000010
 -2143     0.000013
 -2142     0.000021
 -2141     0.000035
 -2140     0.000060
 -2139     0.000096
 -2138     0.000149
 -2137     0.000222
 -2136     0.000320
 -2135     0.000449
 -2134     0.000612
 -2133     0.000808
 -2132     0.001027
 -2131     0.001261
 -2130     0.001501
 -2129     0.001737
 -2128     0.001965
 -2127     0.002181
 -2126     0.002383
 -2125     0.002568
 -2124     0.002733
 -2123     0.002883
 -2122     0.003028
 -2121     0.003177
 -2120     0.003341
 -2119     0.003530
 -2118     0.003748
 -2117     0.003989
 -2116     0.004248
 -2115     0.004522
 -2114     0.004805
 -2113     0.005089
 -2112     0.005359
 -2111     0.005603
 -2110     0.005808
 -2109     0.005960
 -2108     0.006057
 -2107     0.006109
 -2106     0.006122
 -2105     0.006107
 -2104     0.006072
 -2103     0.006016
 -2102     0.005928
 -2101     0.005798
 -2100     0.005617
 -2099     0.005373
 -2098     0.005074
 -2097     0.004745
 -2096     0.004411
 -2095     0.004095
 -2094     0.003824
 -2093     0.003598
 -2092     0.003399
 -2091     0.003208
 -2090     0.003003
 -2089     0.002767
 -2088     0.002499
 -2087     0.002219
 -2086     0.001947
 -2085     0.001704
 -2084     0.001509
 -2083     0.001366
 -2082     0.001258
 -2081     0.001170
 -2080     0.001085
 -2079     0.000989
 -2078     0.000880
 -2077     0.000773
 -2076     0.000681
 -2075     0.000619
 -2074     0.000600
 -2073     0.000623
 -2072     0.000670
 -2071     0.000724
 -2070     0.000766
 -2069     0.000778
 -2068     0.000760
 -2067     0.000726
 -2066     0.000690
 -2065     0.000668
 -2064     0.000674
 -2063     0.000710
 -2062     0.000771
 -2061     0.000846
 -2060     0.000927
 -2059     0.001007
 -2058     0.001082
 -2057     0.001150
 -2056     0.001213
 -2055     0.001270
 -2054     0.001321
 -2053     0.001369
 -2052     0.001416
 -2051     0.001467
 -2050     0.001525
 -2049     0.001593
 -2048     0.001677
 -2047     0.001783
 -2046     0.001916
 -2045     0.002083
 -2044     0.002289
 -2043     0.002534
 -2042     0.002812
 -2041     0.003115
 -2040     0.003436
 -2039     0.003768
 -2038     0.004116
 -2037     0.004494
 -2036     0.004915
 -2035     0.005395
 -2034     0.005948
 -2033     0.006562
 -2032     0.007205
 -2031     0.007842
 -2030     0.008438
 -2029     0.008960
 -2028     0.009389
 -2027     0.009722
 -2026     0.009959
 -2025     0.010097
 -2024     0.010136
 -2023     0.010089
 -2022     0.009987
 -2021     0.009862
 -2020     0.009745
 -2019     0.009665
 -2018     0.009624
 -2017     0.009593
 -2016     0.009544
 -2015     0.009447
 -2014     0.009275
 -2013     0.009023
 -2012     0.008715
 -2011     0.008372
 -2010     0.008019
 -2009     0.007678
 -2008     0.007367
 -2007     0.007099
 -2006     0.006885
 -2005     0.006739
 -2004     0.006674
 -2003     0.006694
 -2002     0.006798
 -2001     0.006986
 -2000     0.007257
 -1999     0.007608
 -1998     0.008019
 -1997     0.008452
 -1996     0.008868
 -1995     0.009226
 -1994     0.009490
 -1993     0.009651
 -1992     0.009734
 -1991     0.009762
 -1990     0.009761
 -1989     0.009754
 -1988     0.009757
 -1987     0.009770
 -1986     0.009797
 -1985     0.009840
 -1984     0.009901
 -1983     0.009962
 -1982     0.009984
 -1981     0.009928
 -1980     0.009755
 -1979     0.009428
 -1978     0.008960
 -1977     0.008414
 -1976     0.007855
 -1975     0.007348
 -1974     0.006957
 -1973     0.006700
 -1972     0.006551
 -1971     0.006484
 -1970     0.006472
 -1969     0.006486
 -1968     0.006508
 -1967     0.006526
 -1966     0.006528
 -1965     0.006503
 -1964     0.006440
 -1963     0.006339
 -1962     0.006213
 -1961     0.006075
 -1960     0.005937
 -1959     0.005812
 -1958     0.005699
 -1957     0.005586
 -1956     0.005459
 -1955     0.005305
 -1954     0.005110
 -1953     0.004874
 -1952     0.004611
 -1951     0.004334
 -1950     0.004056
 -1949     0.003792
 -1948     0.003545
 -1947     0.003313
 -1946     0.003090
 -1945     0.002874
 -1944     0.002660
 -1943     0.002445
 -1942     0.002228
 -1941     0.002009
 -1940     0.001786
 -1939     0.001559
 -1938     0.001335
 -1937     0.001128
 -1936     0.000956
 -1935     0.000832
 -1934     0.000772
 -1933     0.000772
 -1932     0.000812
 -1931     0.000870
 -1930     0.000924
 -1929     0.000952
 -1928     0.000949
 -1927     0.000921
 -1926     0.000877
 -1925     0.000827
 -1924     0.000777
 -1923     0.000731
 -1922     0.000689
 -1921     0.000648
 -1920     0.000608
 -1919     0.000566
 -1918     0.000524
 -1917     0.000483
 -1916     0.000444
 -1915     0.000409
 -1914     0.000380
 -1913     0.000357
 -1912     0.000339
 -1911     0.000324
 -1910     0.000312
 -1909     0.000301
 -1908     0.000290
 -1907     0.000280
 -1906     0.000271
 -1905     0.000262
 -1904     0.000253
 -1903     0.000246
 -1902     0.000238
 -1901     0.000229
 -1900     0.000220
 -1899     0.000211
 -1898     0.000199
 -1897     0.000187
 -1896     0.000173
 -1895     0.000158
 -1894     0.000141
 -1893     0.000123
 -1892     0.000104
 -1891     0.000086
 -1890     0.000069
 -1889     0.000054
 -1888     0.000041
 -1887     0.000030
 -1886     0.000022
 -1885     0.000015
 -1884     0.000010
 -1883     0.000006
 -1882     0.000004
 -1881     0.000002
 -1880     0.000001
 -1879     0.000001
 -1878     0.000001
 -1877     0.000000
 -1876     0.000000
 -1875     0.000000
 -1874     0.000000
 -1873     0.000000
 -1872     0.000000
 -1871     0.000000
 -1870     0.000000
 -1869     0.000000
 -1868     0.000000
 -1867     0.000000
 -1866     0.000000
 -1865     0.000000
 -1864     0.000000
 -1863     0.000000
 -1862     0.000000
 -1861     0.000000
 -1860     0.000000
 -1859     0.000000
 -1858     0.000000
 -1857     0.000000
 -1856     0.000000
 -1855     0.000000
 -1854     0.000000
 -1853     0.000000
 -1852     0.000000
 -1851     0.000000
 -1850     0.000000
 -1849     0.000000
 -1848     0.000000
 -1847     0.000000
 -1846     0.000000
 -1845     0.000000
 -1844     0.000000
 -1843     0.000000
 -1842     0.000000
 -1841     0.000000
 -1840     0.000000
 -1839     0.000000
 -1838     0.000000
 -1837     0.000000
 -1836     0.000001
 -1835     0.000001
 -1834     0.000001
 -1833     0.000001
 -1832     0.000001
 -1831     0.000001
 -1830     0.000001
 -1829     0.000001
 -1828     0.000000
 -1827     0.000000
 -1826     0.000000
 -1825     0.000000
 -1824     0.000000
 -1823     0.000000
 -1822     0.000000
 -1821     0.000000
 -1820     0.000000
 -1819     0.000000
 -1818     0.000000
 -1817     0.000000
 -1816     0.000000
 -1815     0.000000
 -1814     0.000000
 -1813     0.000000
 -1812     0.000000
 -1811     0.000000
 -1810     0.000000
 -1809     0.000000
 -1808     0.000000
 -1807     0.000000
 -1806     0.000000
 -1805     0.000000
 -1804     0.000000
 -1803     0.000000
 -1802     0.000000
 -1801     0.000000
 -1800     0.000000
 -1799     0.000000
 -1798     0.000000
 -1797     0.000000
 -1796     0.000000
 -1795     0.000000
 -1794     0.000000
 -1793     0.000000
 -1792     0.000000
 -1791     0.000000
 -1790     0.000000
 -1789     0.000000
 -1788     0.000000
 -1787     0.000000
 -1786     0.000000
 -1785     0.000000
 -1784     0.000000
 -1783     0.000000
 -1782     0.000000
 -1781     0.000000
 -1780     0.000000
 -1779     0.000000
 -1778     0.000000
 -1777     0.000000
 -1776     0.000000
 -1775     0.000000
 -1774     0.000000
 -1773     0.000000
 -1772     0.000000
 -1771     0.000000
 -1770     0.000000
 -1769     0.000000
 -1768     0.000000
 -1767     0.000000
 -1766     0.000000
 -1765     0.000000
 -1764     0.000000
 -1763     0.000000
 -1762     0.000000
 -1761     0.000000
 -1760     0.000000
 -1759     0.000000
 -1758     0.000000
 -1757     0.000000
 -1756     0.000000
 -1755     0.000000
