 -2294     0.000000     0.000000 
 -2293     0.000000     0.000000 
 -2292     0.000000     0.000000 
 -2291     0.000000     0.000000 
 -2290     0.000000     0.000000 
 -2289     0.000000     0.000000 
 -2288     0.000000     0.000000 
 -2287     0.000000     0.000000 
 -2286     0.000000     0.000000 
 -2285     0.000000     0.000000 
 -2284     0.000000     0.000000 
 -2283     0.000000     0.000000 
 -2282     0.000000     0.000000 
 -2281     0.000000     0.000000 
 -2280     0.000000     0.000000 
 -2279     0.000000     0.000000 
 -2278     0.000000     0.000000 
 -2277     0.000000     0.000000 
 -2276     0.000000     0.000000 
 -2275     0.000000     0.000000 
 -2274     0.000000     0.000000 
 -2273     0.000000     0.000000 
 -2272     0.000000     0.000000 
 -2271     0.000000     0.000000 
 -2270     0.000000     0.000000 
 -2269     0.000000     0.000000 
 -2268     0.000000     0.000000 
 -2267     0.000000     0.000000 
 -2266     0.000000     0.000000 
 -2265     0.000000     0.000000 
 -2264     0.000000     0.000000 
 -2263     0.000000     0.000000 
 -2262     0.000000     0.000000 
 -2261     0.000000     0.000000 
 -2260     0.000000     0.000000 
 -2259     0.000000     0.000000 
 -2258     0.000000     0.000000 
 -2257     0.000000     0.000000 
 -2256     0.000000     0.000000 
 -2255     0.000000     0.000000 
 -2254     0.000000     0.000000 
 -2253     0.000000     0.000000 
 -2252     0.000000     0.000000 
 -2251     0.000000     0.000000 
 -2250     0.000000     0.000000 
 -2249     0.000000     0.000000 
 -2248     0.000000     0.000000 
 -2247     0.000000     0.000000 
 -2246     0.000000     0.000000 
 -2245     0.000000     0.000000 
 -2244     0.000000     0.000000 
 -2243     0.000000     0.000000 
 -2242     0.000000     0.000000 
 -2241     0.000000     0.000000 
 -2240     0.000000     0.000000 
 -2239     0.000000     0.000000 
 -2238     0.000000     0.000000 
 -2237     0.000000     0.000000 
 -2236     0.000000     0.000000 
 -2235     0.000000     0.000000 
 -2234     0.000000     0.000000 
 -2233     0.000000     0.000000 
 -2232     0.000000     0.000000 
 -2231     0.000000     0.000000 
 -2230     0.000000     0.000000 
 -2229     0.000000     0.000000 
 -2228     0.000000     0.000000 
 -2227     0.000000     0.000000 
 -2226     0.000000     0.000000 
 -2225     0.000000     0.000000 
 -2224     0.000000     0.000000 
 -2223     0.000000     0.000000 
 -2222     0.000000     0.000000 
 -2221     0.000000     0.000000 
 -2220     0.000000     0.000000 
 -2219     0.000000     0.000000 
 -2218     0.000000     0.000000 
 -2217     0.000000     0.000000 
 -2216     0.000000     0.000000 
 -2215     0.000000     0.000000 
 -2214     0.000000     0.000000 
 -2213     0.000000     0.000000 
 -2212     0.000000     0.000000 
 -2211     0.000000     0.000000 
 -2210     0.000000     0.000000 
 -2209     0.000000     0.000000 
 -2208     0.000000     0.000000 
 -2207     0.000000     0.000000 
 -2206     0.000000     0.000000 
 -2205     0.000000     0.000000 
 -2204     0.000000     0.000000 
 -2203     0.000000     0.000000 
 -2202     0.000001     0.000000 
 -2201     0.000001     0.000000 
 -2200     0.000001     0.000000 
 -2199     0.000001     0.000000 
 -2198     0.000001     0.000000 
 -2197     0.000001     0.000000 
 -2196     0.000003     0.000001 
 -2195     0.000006     0.000002 
 -2194     0.000010     0.000004 
 -2193     0.000017     0.000007 
 -2192     0.000024     0.000010 
 -2191     0.000032     0.000014 
 -2190     0.000039     0.000018 
 -2189     0.000046     0.000022 
 -2188     0.000051     0.000025 
 -2187     0.000055     0.000028 
 -2186     0.000057     0.000030 
 -2185     0.000059     0.000032 
 -2184     0.000060     0.000033 
 -2183     0.000059     0.000034 
 -2182     0.000057     0.000033 
 -2181     0.000055     0.000033 
 -2180     0.000050     0.000031 
 -2179     0.000045     0.000029 
 -2178     0.000038     0.000025 
 -2177     0.000031     0.000021 
 -2176     0.000024     0.000017 
 -2175     0.000019     0.000014 
 -2174     0.000015     0.000011 
 -2173     0.000013     0.000010 
 -2172     0.000013     0.000010 
 -2171     0.000013     0.000010 
 -2170     0.000013     0.000011 
 -2169     0.000012     0.000010 
 -2168     0.000011     0.000009 
 -2167     0.000009     0.000008 
 -2166     0.000007     0.000006 
 -2165     0.000005     0.000005 
 -2164     0.000004     0.000004 
 -2163     0.000003     0.000003 
 -2162     0.000003     0.000003 
 -2161     0.000003     0.000003 
 -2160     0.000003     0.000003 
 -2159     0.000002     0.000002 
 -2158     0.000002     0.000002 
 -2157     0.000001     0.000001 
 -2156     0.000001     0.000001 
 -2155     0.000001     0.000001 
 -2154     0.000001     0.000001 
 -2153     0.000001     0.000001 
 -2152     0.000001     0.000001 
 -2151     0.000002     0.000002 
 -2150     0.000003     0.000003 
 -2149     0.000004     0.000005 
 -2148     0.000005     0.000006 
 -2147     0.000006     0.000007 
 -2146     0.000007     0.000008 
 -2145     0.000008     0.000010 
 -2144     0.000010     0.000012 
 -2143     0.000013     0.000016 
 -2142     0.000021     0.000026 
 -2141     0.000035     0.000044 
 -2140     0.000060     0.000076 
 -2139     0.000096     0.000122 
 -2138     0.000149     0.000192 
 -2137     0.000222     0.000287 
 -2136     0.000320     0.000417 
 -2135     0.000449     0.000589 
 -2134     0.000612     0.000808 
 -2133     0.000808     0.001073 
 -2132     0.001027     0.001371 
 -2131     0.001261     0.001693 
 -2130     0.001501     0.002026 
 -2129     0.001737     0.002356 
 -2128     0.001965     0.002680 
 -2127     0.002181     0.002991 
 -2126     0.002383     0.003288 
 -2125     0.002568     0.003565 
 -2124     0.002733     0.003819 
 -2123     0.002883     0.004057 
 -2122     0.003028     0.004292 
 -2121     0.003177     0.004537 
 -2120     0.003341     0.004808 
 -2119     0.003530     0.005121 
 -2118     0.003748     0.005481 
 -2117     0.003989     0.005880 
 -2116     0.004248     0.006313 
 -2115     0.004522     0.006775 
 -2114     0.004805     0.007257 
 -2113     0.005089     0.007748 
 -2112     0.005359     0.008225 
 -2111     0.005603     0.008668 
 -2110     0.005808     0.009057 
 -2109     0.005960     0.009366 
 -2108     0.006057     0.009592 
 -2107     0.006109     0.009747 
 -2106     0.006122     0.009839 
 -2105     0.006107     0.009884 
 -2104     0.006072     0.009895 
 -2103     0.006016     0.009868 
 -2102     0.005928     0.009784 
 -2101     0.005798     0.009627 
 -2100     0.005617     0.009379 
 -2099     0.005373     0.009020 
 -2098     0.005074     0.008560 
 -2097     0.004745     0.008043 
 -2096     0.004411     0.007509 
 -2095     0.004095     0.006999 
 -2094     0.003824     0.006560 
 -2093     0.003598     0.006192 
 -2092     0.003399     0.005866 
 -2091     0.003208     0.005550 
 -2090     0.003003     0.005207 
 -2089     0.002767     0.004807 
 -2088     0.002499     0.004349 
 -2087     0.002219     0.003868 
 -2086     0.001947     0.003398 
 -2085     0.001704     0.002978 
 -2084     0.001509     0.002640 
 -2083     0.001366     0.002392 
 -2082     0.001258     0.002204 
 -2081     0.001170     0.002051 
 -2080     0.001085     0.001903 
 -2079     0.000989     0.001736 
 -2078     0.000880     0.001546 
 -2077     0.000773     0.001358 
 -2076     0.000681     0.001198 
 -2075     0.000619     0.001089 
 -2074     0.000600     0.001057 
 -2073     0.000623     0.001098 
 -2072     0.000670     0.001182 
 -2071     0.000724     0.001279 
 -2070     0.000766     0.001355 
 -2069     0.000778     0.001378 
 -2068     0.000760     0.001348 
 -2067     0.000726     0.001290 
 -2066     0.000690     0.001228 
 -2065     0.000668     0.001191 
 -2064     0.000674     0.001204 
 -2063     0.000710     0.001271 
 -2062     0.000771     0.001383 
 -2061     0.000846     0.001521 
 -2060     0.000927     0.001670 
 -2059     0.001007     0.001817 
 -2058     0.001082     0.001956 
 -2057     0.001150     0.002083 
 -2056     0.001213     0.002201 
 -2055     0.001270     0.002308 
 -2054     0.001321     0.002405 
 -2053     0.001369     0.002495 
 -2052     0.001416     0.002584 
 -2051     0.001467     0.002679 
 -2050     0.001525     0.002787 
 -2049     0.001593     0.002912 
 -2048     0.001677     0.003065 
 -2047     0.001783     0.003257 
 -2046     0.001916     0.003498 
 -2045     0.002083     0.003798 
 -2044     0.002289     0.004167 
 -2043     0.002534     0.004604 
 -2042     0.002812     0.005096 
 -2041     0.003115     0.005628 
 -2040     0.003436     0.006185 
 -2039     0.003768     0.006755 
 -2038     0.004116     0.007345 
 -2037     0.004494     0.007978 
 -2036     0.004915     0.008676 
 -2035     0.005395     0.009464 
 -2034     0.005948     0.010363 
 -2033     0.006562     0.011348 
 -2032     0.007205     0.012361 
 -2031     0.007842     0.013339 
 -2030     0.008438     0.014222 
 -2029     0.008960     0.014956 
 -2028     0.009389     0.015511 
 -2027     0.009722     0.015888 
 -2026     0.009959     0.016089 
 -2025     0.010097     0.016117 
 -2024     0.010136     0.015975 
 -2023     0.010089     0.015689 
 -2022     0.009987     0.015313 
 -2021     0.009862     0.014898 
 -2020     0.009745     0.014492 
 -2019     0.009665     0.014137 
 -2018     0.009624     0.013834 
 -2017     0.009593     0.013539 
 -2016     0.009544     0.013212 
 -2015     0.009447     0.012815 
 -2014     0.009275     0.012317 
 -2013     0.009023     0.011718 
 -2012     0.008715     0.011058 
 -2011     0.008372     0.010367 
 -2010     0.008019     0.009681 
 -2009     0.007678     0.009028 
 -2008     0.007367     0.008427 
 -2007     0.007099     0.007892 
 -2006     0.006885     0.007430 
 -2005     0.006739     0.007053 
 -2004     0.006674     0.006766 
 -2003     0.006694     0.006567 
 -2002     0.006798     0.006446 
 -2001     0.006986     0.006396 
 -2000     0.007257     0.006409 
 -1999     0.007608     0.006474 
 -1998     0.008019     0.006568 
 -1997     0.008452     0.006657 
 -1996     0.008868     0.006709 
 -1995     0.009226     0.006698 
 -1994     0.009490     0.006606 
 -1993     0.009651     0.006434 
 -1992     0.009734     0.006210 
 -1991     0.009762     0.005954 
 -1990     0.009761     0.005686 
 -1989     0.009754     0.005422 
 -1988     0.009757     0.005171 
 -1987     0.009770     0.004933 
 -1986     0.009797     0.004707 
 -1985     0.009840     0.004495 
 -1984     0.009901     0.004296 
 -1983     0.009962     0.004102 
 -1982     0.009984     0.003897 
 -1981     0.009928     0.003671 
 -1980     0.009755     0.003413 
 -1979     0.009428     0.003119 
 -1978     0.008960     0.002800 
 -1977     0.008414     0.002483 
 -1976     0.007855     0.002187 
 -1975     0.007348     0.001930 
 -1974     0.006957     0.001723 
 -1973     0.006700     0.001564 
 -1972     0.006551     0.001441 
 -1971     0.006484     0.001343 
 -1970     0.006472     0.001263 
 -1969     0.006486     0.001192 
 -1968     0.006508     0.001126 
 -1967     0.006526     0.001062 
 -1966     0.006528     0.001000 
 -1965     0.006503     0.000937 
 -1964     0.006440     0.000874 
 -1963     0.006339     0.000809 
 -1962     0.006213     0.000746 
 -1961     0.006075     0.000687 
 -1960     0.005937     0.000632 
 -1959     0.005812     0.000582 
 -1958     0.005699     0.000538 
 -1957     0.005586     0.000497 
 -1956     0.005459     0.000458 
 -1955     0.005305     0.000420 
 -1954     0.005110     0.000381 
 -1953     0.004874     0.000344 
 -1952     0.004611     0.000307 
 -1951     0.004334     0.000273 
 -1950     0.004056     0.000242 
 -1949     0.003792     0.000214 
 -1948     0.003545     0.000190 
 -1947     0.003313     0.000168 
 -1946     0.003090     0.000149 
 -1945     0.002874     0.000132 
 -1944     0.002660     0.000116 
 -1943     0.002445     0.000101 
 -1942     0.002228     0.000088 
 -1941     0.002009     0.000075 
 -1940     0.001786     0.000064 
 -1939     0.001559     0.000053 
 -1938     0.001335     0.000043 
 -1937     0.001128     0.000035 
 -1936     0.000956     0.000028 
 -1935     0.000832     0.000024 
 -1934     0.000772     0.000021 
 -1933     0.000772     0.000020 
 -1932     0.000812     0.000020 
 -1931     0.000870     0.000020 
 -1930     0.000924     0.000021 
 -1929     0.000952     0.000020 
 -1928     0.000949     0.000019 
 -1927     0.000921     0.000018 
 -1926     0.000877     0.000016 
 -1925     0.000827     0.000015 
 -1924     0.000777     0.000013 
 -1923     0.000731     0.000012 
 -1922     0.000689     0.000011 
 -1921     0.000648     0.000009 
 -1920     0.000608     0.000008 
 -1919     0.000566     0.000007 
 -1918     0.000524     0.000007 
 -1917     0.000483     0.000006 
 -1916     0.000444     0.000005 
 -1915     0.000409     0.000004 
 -1914     0.000380     0.000004 
 -1913     0.000357     0.000003 
 -1912     0.000339     0.000003 
 -1911     0.000324     0.000003 
 -1910     0.000312     0.000002 
 -1909     0.000301     0.000002 
 -1908     0.000290     0.000002 
 -1907     0.000280     0.000002 
 -1906     0.000271     0.000002 
 -1905     0.000262     0.000001 
 -1904     0.000253     0.000001 
 -1903     0.000246     0.000001 
 -1902     0.000238     0.000001 
 -1901     0.000229     0.000001 
 -1900     0.000220     0.000001 
 -1899     0.000211     0.000001 
 -1898     0.000199     0.000001 
 -1897     0.000187     0.000000 
 -1896     0.000173     0.000000 
 -1895     0.000158     0.000000 
 -1894     0.000141     0.000000 
 -1893     0.000123     0.000000 
 -1892     0.000104     0.000000 
 -1891     0.000086     0.000000 
 -1890     0.000069     0.000000 
 -1889     0.000054     0.000000 
 -1888     0.000041     0.000000 
 -1887     0.000030     0.000000 
 -1886     0.000022     0.000000 
 -1885     0.000015     0.000000 
 -1884     0.000010     0.000000 
 -1883     0.000006     0.000000 
 -1882     0.000004     0.000000 
 -1881     0.000002     0.000000 
 -1880     0.000001     0.000000 
 -1879     0.000001     0.000000 
 -1878     0.000001     0.000000 
 -1877     0.000000     0.000000 
 -1876     0.000000     0.000000 
 -1875     0.000000     0.000000 
 -1874     0.000000     0.000000 
 -1873     0.000000     0.000000 
 -1872     0.000000     0.000000 
 -1871     0.000000     0.000000 
 -1870     0.000000     0.000000 
 -1869     0.000000     0.000000 
 -1868     0.000000     0.000000 
 -1867     0.000000     0.000000 
 -1866     0.000000     0.000000 
 -1865     0.000000     0.000000 
 -1864     0.000000     0.000000 
 -1863     0.000000     0.000000 
 -1862     0.000000     0.000000 
 -1861     0.000000     0.000000 
 -1860     0.000000     0.000000 
 -1859     0.000000     0.000000 
 -1858     0.000000     0.000000 
 -1857     0.000000     0.000000 
 -1856     0.000000     0.000000 
 -1855     0.000000     0.000000 
 -1854     0.000000     0.000000 
 -1853     0.000000     0.000000 
 -1852     0.000000     0.000000 
 -1851     0.000000     0.000000 
 -1850     0.000000     0.000000 
 -1849     0.000000     0.000000 
 -1848     0.000000     0.000000 
 -1847     0.000000     0.000000 
 -1846     0.000000     0.000000 
 -1845     0.000000     0.000000 
 -1844     0.000000     0.000000 
 -1843     0.000000     0.000000 
 -1842     0.000000     0.000000 
 -1841     0.000000     0.000000 
 -1840     0.000000     0.000000 
 -1839     0.000000     0.000000 
 -1838     0.000000     0.000000 
 -1837     0.000000     0.000000 
 -1836     0.000001     0.000000 
 -1835     0.000001     0.000000 
 -1834     0.000001     0.000000 
 -1833     0.000001     0.000000 
 -1832     0.000001     0.000000 
 -1831     0.000001     0.000000 
 -1830     0.000001     0.000000 
 -1829     0.000001     0.000000 
 -1828     0.000000     0.000000 
 -1827     0.000000     0.000000 
 -1826     0.000000     0.000000 
 -1825     0.000000     0.000000 
 -1824     0.000000     0.000000 
 -1823     0.000000     0.000000 
 -1822     0.000000     0.000000 
 -1821     0.000000     0.000000 
 -1820     0.000000     0.000000 
 -1819     0.000000     0.000000 
 -1818     0.000000     0.000000 
 -1817     0.000000     0.000000 
 -1816     0.000000     0.000000 
 -1815     0.000000     0.000000 
 -1814     0.000000     0.000000 
 -1813     0.000000     0.000000 
 -1812     0.000000     0.000000 
 -1811     0.000000     0.000000 
 -1810     0.000000     0.000000 
 -1809     0.000000     0.000000 
 -1808     0.000000     0.000000 
 -1807     0.000000     0.000000 
 -1806     0.000000     0.000000 
 -1805     0.000000     0.000000 
 -1804     0.000000     0.000000 
 -1803     0.000000     0.000000 
 -1802     0.000000     0.000000 
 -1801     0.000000     0.000000 
 -1800     0.000000     0.000000 
 -1799     0.000000     0.000000 
 -1798     0.000000     0.000000 
 -1797     0.000000     0.000000 
 -1796     0.000000     0.000000 
 -1795     0.000000     0.000000 
 -1794     0.000000     0.000000 
 -1793     0.000000     0.000000 
 -1792     0.000000     0.000000 
 -1791     0.000000     0.000000 
 -1790     0.000000     0.000000 
 -1789     0.000000     0.000000 
 -1788     0.000000     0.000000 
 -1787     0.000000     0.000000 
 -1786     0.000000     0.000000 
 -1785     0.000000     0.000000 
 -1784     0.000000     0.000000 
 -1783     0.000000     0.000000 
 -1782     0.000000     0.000000 
 -1781     0.000000     0.000000 
 -1780     0.000000     0.000000 
 -1779     0.000000     0.000000 
 -1778     0.000000     0.000000 
 -1777     0.000000     0.000000 
 -1776     0.000000     0.000000 
 -1775     0.000000     0.000000 
 -1774     0.000000     0.000000 
 -1773     0.000000     0.000000 
 -1772     0.000000     0.000000 
 -1771     0.000000     0.000000 
 -1770     0.000000     0.000000 
 -1769     0.000000     0.000000 
 -1768     0.000000     0.000000 
 -1767     0.000000     0.000000 
 -1766     0.000000     0.000000 
 -1765     0.000000     0.000000 
 -1764     0.000000     0.000000 
 -1763     0.000000     0.000000 
 -1762     0.000000     0.000000 
 -1761     0.000000     0.000000 
 -1760     0.000000     0.000000 
 -1759     0.000000     0.000000 
 -1758     0.000000     0.000000 
 -1757     0.000000     0.000000 
 -1756     0.000000     0.000000 
 -1755     0.000000     0.000000 
