 -2419     0.000000     0.000000 
 -2418     0.000000     0.000000 
 -2417     0.000000     0.000000 
 -2416     0.000000     0.000000 
 -2415     0.000000     0.000000 
 -2414     0.000000     0.000000 
 -2413     0.000000     0.000000 
 -2412     0.000000     0.000000 
 -2411     0.000000     0.000000 
 -2410     0.000000     0.000000 
 -2409     0.000000     0.000000 
 -2408     0.000000     0.000000 
 -2407     0.000000     0.000000 
 -2406     0.000000     0.000000 
 -2405     0.000000     0.000000 
 -2404     0.000000     0.000000 
 -2403     0.000000     0.000000 
 -2402     0.000000     0.000000 
 -2401     0.000000     0.000000 
 -2400     0.000000     0.000000 
 -2399     0.000000     0.000000 
 -2398     0.000000     0.000000 
 -2397     0.000000     0.000000 
 -2396     0.000000     0.000000 
 -2395     0.000000     0.000000 
 -2394     0.000000     0.000000 
 -2393     0.000000     0.000000 
 -2392     0.000000     0.000000 
 -2391     0.000000     0.000000 
 -2390     0.000000     0.000000 
 -2389     0.000000     0.000000 
 -2388     0.000000     0.000000 
 -2387     0.000000     0.000000 
 -2386     0.000000     0.000000 
 -2385     0.000000     0.000000 
 -2384     0.000000     0.000000 
 -2383     0.000000     0.000000 
 -2382     0.000000     0.000000 
 -2381     0.000000     0.000000 
 -2380     0.000000     0.000000 
 -2379     0.000000     0.000000 
 -2378     0.000000     0.000000 
 -2377     0.000000     0.000000 
 -2376     0.000000     0.000000 
 -2375     0.000000     0.000000 
 -2374     0.000000     0.000000 
 -2373     0.000000     0.000000 
 -2372     0.000000     0.000000 
 -2371     0.000000     0.000000 
 -2370     0.000000     0.000000 
 -2369     0.000000     0.000000 
 -2368     0.000000     0.000000 
 -2367     0.000000     0.000000 
 -2366     0.000000     0.000000 
 -2365     0.000000     0.000000 
 -2364     0.000000     0.000000 
 -2363     0.000000     0.000000 
 -2362     0.000000     0.000000 
 -2361     0.000000     0.000000 
 -2360     0.000000     0.000000 
 -2359     0.000000     0.000000 
 -2358     0.000000     0.000000 
 -2357     0.000000     0.000000 
 -2356     0.000000     0.000000 
 -2355     0.000000     0.000000 
 -2354     0.000000     0.000000 
 -2353     0.000000     0.000000 
 -2352     0.000000     0.000000 
 -2351     0.000000     0.000000 
 -2350     0.000000     0.000000 
 -2349     0.000000     0.000000 
 -2348     0.000000     0.000000 
 -2347     0.000000     0.000000 
 -2346     0.000000     0.000000 
 -2345     0.000000     0.000000 
 -2344     0.000000     0.000000 
 -2343     0.000000     0.000000 
 -2342     0.000000     0.000000 
 -2341     0.000000     0.000000 
 -2340     0.000000     0.000000 
 -2339     0.000000     0.000000 
 -2338     0.000000     0.000000 
 -2337     0.000000     0.000000 
 -2336     0.000000     0.000000 
 -2335     0.000000     0.000000 
 -2334     0.000000     0.000000 
 -2333     0.000000     0.000000 
 -2332     0.000000     0.000000 
 -2331     0.000000     0.000000 
 -2330     0.000000     0.000000 
 -2329     0.000000     0.000000 
 -2328     0.000000     0.000000 
 -2327     0.000000     0.000000 
 -2326     0.000000     0.000000 
 -2325     0.000000     0.000000 
 -2324     0.000000     0.000000 
 -2323     0.000000     0.000000 
 -2322     0.000000     0.000000 
 -2321     0.000000     0.000000 
 -2320     0.000000     0.000000 
 -2319     0.000000     0.000000 
 -2318     0.000000     0.000000 
 -2317     0.000000     0.000000 
 -2316     0.000000     0.000000 
 -2315     0.000000     0.000000 
 -2314     0.000000     0.000000 
 -2313     0.000000     0.000000 
 -2312     0.000000     0.000000 
 -2311     0.000000     0.000000 
 -2310     0.000000     0.000000 
 -2309     0.000000     0.000000 
 -2308     0.000000     0.000000 
 -2307     0.000000     0.000000 
 -2306     0.000000     0.000000 
 -2305     0.000000     0.000000 
 -2304     0.000000     0.000000 
 -2303     0.000000     0.000000 
 -2302     0.000000     0.000000 
 -2301     0.000000     0.000000 
 -2300     0.000000     0.000000 
 -2299     0.000000     0.000000 
 -2298     0.000000     0.000000 
 -2297     0.000000     0.000000 
 -2296     0.000000     0.000000 
 -2295     0.000000     0.000000 
 -2294     0.000000     0.000000 
 -2293     0.000000     0.000000 
 -2292     0.000000     0.000000 
 -2291     0.000001     0.000000 
 -2290     0.000002     0.000000 
 -2289     0.000003     0.000000 
 -2288     0.000006     0.000000 
 -2287     0.000009     0.000000 
 -2286     0.000012     0.000000 
 -2285     0.000016     0.000000 
 -2284     0.000019     0.000000 
 -2283     0.000022     0.000000 
 -2282     0.000026     0.000000 
 -2281     0.000030     0.000000 
 -2280     0.000035     0.000000 
 -2279     0.000041     0.000000 
 -2278     0.000049     0.000000 
 -2277     0.000059     0.000000 
 -2276     0.000074     0.000000 
 -2275     0.000093     0.000000 
 -2274     0.000119     0.000000 
 -2273     0.000150     0.000000 
 -2272     0.000183     0.000000 
 -2271     0.000216     0.000000 
 -2270     0.000246     0.000000 
 -2269     0.000271     0.000000 
 -2268     0.000291     0.000000 
 -2267     0.000305     0.000000 
 -2266     0.000318     0.000000 
 -2265     0.000329     0.000000 
 -2264     0.000340     0.000000 
 -2263     0.000351     0.000000 
 -2262     0.000358     0.000000 
 -2261     0.000358     0.000000 
 -2260     0.000346     0.000000 
 -2259     0.000319     0.000000 
 -2258     0.000280     0.000000 
 -2257     0.000233     0.000000 
 -2256     0.000186     0.000000 
 -2255     0.000144     0.000000 
 -2254     0.000114     0.000000 
 -2253     0.000097     0.000000 
 -2252     0.000089     0.000000 
 -2251     0.000086     0.000000 
 -2250     0.000082     0.000000 
 -2249     0.000074     0.000000 
 -2248     0.000061     0.000000 
 -2247     0.000046     0.000000 
 -2246     0.000031     0.000000 
 -2245     0.000018     0.000000 
 -2244     0.000010     0.000000 
 -2243     0.000008     0.000000 
 -2242     0.000010     0.000000 
 -2241     0.000014     0.000000 
 -2240     0.000018     0.000000 
 -2239     0.000020     0.000000 
 -2238     0.000020     0.000000 
 -2237     0.000018     0.000000 
 -2236     0.000016     0.000000 
 -2235     0.000013     0.000000 
 -2234     0.000011     0.000000 
 -2233     0.000010     0.000000 
 -2232     0.000013     0.000000 
 -2231     0.000019     0.000000 
 -2230     0.000030     0.000000 
 -2229     0.000046     0.000000 
 -2228     0.000068     0.000000 
 -2227     0.000090     0.000000 
 -2226     0.000110     0.000000 
 -2225     0.000124     0.000001 
 -2224     0.000128     0.000001 
 -2223     0.000122     0.000001 
 -2222     0.000108     0.000001 
 -2221     0.000091     0.000001 
 -2220     0.000072     0.000000 
 -2219     0.000055     0.000000 
 -2218     0.000041     0.000000 
 -2217     0.000031     0.000000 
 -2216     0.000025     0.000000 
 -2215     0.000023     0.000000 
 -2214     0.000026     0.000000 
 -2213     0.000033     0.000000 
 -2212     0.000043     0.000001 
 -2211     0.000054     0.000001 
 -2210     0.000066     0.000001 
 -2209     0.000077     0.000001 
 -2208     0.000090     0.000002 
 -2207     0.000113     0.000003 
 -2206     0.000153     0.000004 
 -2205     0.000218     0.000006 
 -2204     0.000315     0.000010 
 -2203     0.000451     0.000015 
 -2202     0.000632     0.000023 
 -2201     0.000864     0.000035 
 -2200     0.001153     0.000051 
 -2199     0.001504     0.000073 
 -2198     0.001916     0.000102 
 -2197     0.002377     0.000139 
 -2196     0.002877     0.000183 
 -2195     0.003406     0.000235 
 -2194     0.003953     0.000297 
 -2193     0.004501     0.000367 
 -2192     0.005028     0.000443 
 -2191     0.005513     0.000525 
 -2190     0.005933     0.000610 
 -2189     0.006267     0.000695 
 -2188     0.006510     0.000776 
 -2187     0.006674     0.000854 
 -2186     0.006774     0.000930 
 -2185     0.006821     0.001002 
 -2184     0.006829     0.001072 
 -2183     0.006799     0.001139 
 -2182     0.006725     0.001200 
 -2181     0.006597     0.001253 
 -2180     0.006407     0.001292 
 -2179     0.006147     0.001315 
 -2178     0.005828     0.001321 
 -2177     0.005481     0.001314 
 -2176     0.005137     0.001301 
 -2175     0.004827     0.001289 
 -2174     0.004580     0.001289 
 -2173     0.004399     0.001302 
 -2172     0.004258     0.001324 
 -2171     0.004130     0.001348 
 -2170     0.003988     0.001364 
 -2169     0.003806     0.001362 
 -2168     0.003582     0.001340 
 -2167     0.003341     0.001304 
 -2166     0.003105     0.001264 
 -2165     0.002899     0.001228 
 -2164     0.002747     0.001210 
 -2163     0.002646     0.001210 
 -2162     0.002568     0.001218 
 -2161     0.002486     0.001221 
 -2160     0.002371     0.001205 
 -2159     0.002196     0.001153 
 -2158     0.001971     0.001067 
 -2157     0.001740     0.000971 
 -2156     0.001550     0.000890 
 -2155     0.001447     0.000854 
 -2154     0.001478     0.000895 
 -2153     0.001641     0.001018 
 -2152     0.001896     0.001204 
 -2151     0.002195     0.001425 
 -2150     0.002496     0.001654 
 -2149     0.002754     0.001860 
 -2148     0.002966     0.002039 
 -2147     0.003164     0.002212 
 -2146     0.003386     0.002403 
 -2145     0.003667     0.002639 
 -2144     0.004042     0.002945 
 -2143     0.004514     0.003326 
 -2142     0.005058     0.003765 
 -2141     0.005647     0.004240 
 -2140     0.006252     0.004730 
 -2139     0.006848     0.005215 
 -2138     0.007405     0.005670 
 -2137     0.007893     0.006070 
 -2136     0.008284     0.006393 
 -2135     0.008548     0.006612 
 -2134     0.008656     0.006706 
 -2133     0.008614     0.006677 
 -2132     0.008457     0.006554 
 -2131     0.008224     0.006365 
 -2130     0.007952     0.006142 
 -2129     0.007680     0.005915 
 -2128     0.007426     0.005698 
 -2127     0.007192     0.005494 
 -2126     0.006978     0.005304 
 -2125     0.006786     0.005129 
 -2124     0.006614     0.004969 
 -2123     0.006458     0.004821 
 -2122     0.006308     0.004679 
 -2121     0.006152     0.004534 
 -2120     0.005981     0.004380 
 -2119     0.005784     0.004210 
 -2118     0.005559     0.004024 
 -2117     0.005316     0.003828 
 -2116     0.005064     0.003630 
 -2115     0.004810     0.003434 
 -2114     0.004565     0.003248 
 -2113     0.004334     0.003075 
 -2112     0.004124     0.002920 
 -2111     0.003938     0.002785 
 -2110     0.003784     0.002674 
 -2109     0.003664     0.002590 
 -2108     0.003580     0.002533 
 -2107     0.003530     0.002503 
 -2106     0.003509     0.002495 
 -2105     0.003514     0.002509 
 -2104     0.003543     0.002542 
 -2103     0.003597     0.002596 
 -2102     0.003681     0.002675 
 -2101     0.003802     0.002784 
 -2100     0.003966     0.002930 
 -2099     0.004178     0.003117 
 -2098     0.004432     0.003342 
 -2097     0.004710     0.003594 
 -2096     0.004991     0.003859 
 -2095     0.005257     0.004124 
 -2094     0.005490     0.004373 
 -2093     0.005690     0.004607 
 -2092     0.005876     0.004840 
 -2091     0.006069     0.005090 
 -2090     0.006288     0.005373 
 -2089     0.006552     0.005708 
 -2088     0.006857     0.006095 
 -2087     0.007179     0.006516 
 -2086     0.007490     0.006945 
 -2085     0.007762     0.007358 
 -2084     0.007971     0.007728 
 -2083     0.008114     0.008049 
 -2082     0.008212     0.008338 
 -2081     0.008291     0.008618 
 -2080     0.008371     0.008910 
 -2079     0.008477     0.009240 
 -2078     0.008608     0.009609 
 -2077     0.008743     0.009995 
 -2076     0.008860     0.010373 
 -2075     0.008935     0.010712 
 -2074     0.008949     0.010985 
 -2073     0.008902     0.011185 
 -2072     0.008817     0.011335 
 -2071     0.008718     0.011464 
 -2070     0.008632     0.011604 
 -2069     0.008580     0.011786 
 -2068     0.008568     0.012020 
 -2067     0.008582     0.012289 
 -2066     0.008608     0.012575 
 -2065     0.008630     0.012855 
 -2064     0.008636     0.013109 
 -2063     0.008620     0.013325 
 -2062     0.008588     0.013512 
 -2061     0.008546     0.013675 
 -2060     0.008500     0.013825 
 -2059     0.008457     0.013970 
 -2058     0.008417     0.014112 
 -2057     0.008378     0.014247 
 -2056     0.008338     0.014370 
 -2055     0.008293     0.014476 
 -2054     0.008241     0.014561 
 -2053     0.008180     0.014620 
 -2052     0.008112     0.014656 
 -2051     0.008035     0.014667 
 -2050     0.007950     0.014654 
 -2049     0.007858     0.014620 
 -2048     0.007755     0.014556 
 -2047     0.007633     0.014447 
 -2046     0.007487     0.014285 
 -2045     0.007308     0.014051 
 -2044     0.007090     0.013732 
 -2043     0.006832     0.013326 
 -2042     0.006542     0.012848 
 -2041     0.006226     0.012307 
 -2040     0.005891     0.011719 
 -2039     0.005543     0.011094 
 -2038     0.005185     0.010440 
 -2037     0.004814     0.009750 
 -2036     0.004427     0.009017 
 -2035     0.004023     0.008240 
 -2034     0.003598     0.007409 
 -2033     0.003160     0.006541 
 -2032     0.002724     0.005666 
 -2031     0.002308     0.004823 
 -2030     0.001926     0.004041 
 -2029     0.001594     0.003357 
 -2028     0.001319     0.002787 
 -2027     0.001094     0.002318 
 -2026     0.000914     0.001941 
 -2025     0.000772     0.001642 
 -2024     0.000663     0.001412 
 -2023     0.000580     0.001236 
 -2022     0.000517     0.001102 
 -2021     0.000468     0.000997 
 -2020     0.000426     0.000907 
 -2019     0.000385     0.000819 
 -2018     0.000343     0.000729 
 -2017     0.000302     0.000640 
 -2016     0.000262     0.000554 
 -2015     0.000225     0.000474 
 -2014     0.000193     0.000405 
 -2013     0.000166     0.000347 
 -2012     0.000143     0.000297 
 -2011     0.000124     0.000256 
 -2010     0.000106     0.000218 
 -2009     0.000091     0.000186 
 -2008     0.000076     0.000154 
 -2007     0.000064     0.000129 
 -2006     0.000054     0.000108 
 -2005     0.000048     0.000095 
 -2004     0.000047     0.000093 
 -2003     0.000051     0.000100 
 -2002     0.000059     0.000114 
 -2001     0.000070     0.000135 
 -2000     0.000083     0.000158 
 -1999     0.000099     0.000187 
 -1998     0.000116     0.000217 
 -1997     0.000136     0.000252 
 -1996     0.000161     0.000295 
 -1995     0.000191     0.000346 
 -1994     0.000227     0.000406 
 -1993     0.000269     0.000476 
 -1992     0.000316     0.000552 
 -1991     0.000365     0.000629 
 -1990     0.000415     0.000705 
 -1989     0.000463     0.000776 
 -1988     0.000507     0.000837 
 -1987     0.000542     0.000881 
 -1986     0.000561     0.000898 
 -1985     0.000562     0.000885 
 -1984     0.000537     0.000831 
 -1983     0.000490     0.000745 
 -1982     0.000426     0.000636 
 -1981     0.000355     0.000520 
 -1980     0.000283     0.000406 
 -1979     0.000217     0.000305 
 -1978     0.000163     0.000224 
 -1977     0.000119     0.000160 
 -1976     0.000085     0.000112 
 -1975     0.000061     0.000078 
 -1974     0.000046     0.000058 
 -1973     0.000039     0.000048 
 -1972     0.000039     0.000047 
 -1971     0.000042     0.000049 
 -1970     0.000046     0.000053 
 -1969     0.000050     0.000056 
 -1968     0.000051     0.000056 
 -1967     0.000051     0.000054 
 -1966     0.000050     0.000052 
 -1965     0.000049     0.000050 
 -1964     0.000048     0.000047 
 -1963     0.000047     0.000045 
 -1962     0.000046     0.000043 
 -1961     0.000044     0.000040 
 -1960     0.000042     0.000037 
 -1959     0.000039     0.000034 
 -1958     0.000034     0.000029 
 -1957     0.000030     0.000025 
 -1956     0.000025     0.000020 
 -1955     0.000021     0.000016 
 -1954     0.000017     0.000013 
 -1953     0.000015     0.000011 
 -1952     0.000014     0.000010 
 -1951     0.000013     0.000009 
 -1950     0.000012     0.000008 
 -1949     0.000011     0.000007 
 -1948     0.000009     0.000006 
 -1947     0.000008     0.000005 
 -1946     0.000007     0.000004 
 -1945     0.000005     0.000003 
 -1944     0.000004     0.000002 
 -1943     0.000003     0.000002 
 -1942     0.000003     0.000002 
 -1941     0.000002     0.000001 
 -1940     0.000002     0.000001 
 -1939     0.000001     0.000000 
 -1938     0.000001     0.000000 
 -1937     0.000001     0.000000 
 -1936     0.000000     0.000000 
 -1935     0.000000     0.000000 
 -1934     0.000000     0.000000 
 -1933     0.000000     0.000000 
 -1932     0.000000     0.000000 
 -1931     0.000000     0.000000 
 -1930     0.000000     0.000000 
 -1929     0.000000     0.000000 
 -1928     0.000001     0.000000 
 -1927     0.000000     0.000000 
 -1926     0.000000     0.000000 
 -1925     0.000000     0.000000 
 -1924     0.000000     0.000000 
 -1923     0.000000     0.000000 
 -1922     0.000000     0.000000 
 -1921     0.000000     0.000000 
 -1920     0.000000     0.000000 
 -1919     0.000000     0.000000 
 -1918     0.000000     0.000000 
 -1917     0.000000     0.000000 
 -1916     0.000000     0.000000 
 -1915     0.000000     0.000000 
 -1914     0.000000     0.000000 
 -1913     0.000000     0.000000 
 -1912     0.000000     0.000000 
 -1911     0.000000     0.000000 
 -1910     0.000000     0.000000 
 -1909     0.000000     0.000000 
 -1908     0.000000     0.000000 
 -1907     0.000000     0.000000 
 -1906     0.000000     0.000000 
 -1905     0.000000     0.000000 
 -1904     0.000000     0.000000 
 -1903     0.000000     0.000000 
 -1902     0.000000     0.000000 
 -1901     0.000000     0.000000 
 -1900     0.000000     0.000000 
 -1899     0.000000     0.000000 
 -1898     0.000000     0.000000 
 -1897     0.000000     0.000000 
 -1896     0.000000     0.000000 
 -1895     0.000000     0.000000 
 -1894     0.000000     0.000000 
 -1893     0.000000     0.000000 
 -1892     0.000000     0.000000 
 -1891     0.000000     0.000000 
 -1890     0.000000     0.000000 
 -1889     0.000000     0.000000 
 -1888     0.000000     0.000000 
 -1887     0.000000     0.000000 
 -1886     0.000000     0.000000 
 -1885     0.000000     0.000000 
 -1884     0.000000     0.000000 
 -1883     0.000000     0.000000 
 -1882     0.000000     0.000000 
 -1881     0.000000     0.000000 
 -1880     0.000000     0.000000 
 -1879     0.000000     0.000000 
 -1878     0.000000     0.000000 
 -1877     0.000000     0.000000 
 -1876     0.000000     0.000000 
 -1875     0.000000     0.000000 
 -1874     0.000000     0.000000 
 -1873     0.000000     0.000000 
 -1872     0.000000     0.000000 
 -1871     0.000000     0.000000 
 -1870     0.000000     0.000000 
