## smooth -i rel23.txt
  -158     0.000000
  -157     0.000000
  -156     0.000000
  -155     0.000000
  -154     0.000000
  -153     0.000000
  -152     0.000000
  -151     0.000000
  -150     0.000000
  -149     0.000000
  -148     0.000000
  -147     0.000000
  -146     0.000000
  -145     0.000000
  -144     0.000000
  -143     0.000000
  -142     0.000000
  -141     0.000000
  -140     0.000000
  -139     0.000000
  -138     0.000000
  -137     0.000000
  -136     0.000000
  -135     0.000000
  -134     0.000000
  -133     0.000000
  -132     0.000000
  -131     0.000000
  -130     0.000000
  -129     0.000000
  -128     0.000000
  -127     0.000000
  -126     0.000003
  -125     0.000006
  -124     0.000010
  -123     0.000013
  -122     0.000016
  -121     0.000017
  -120     0.000018
  -119     0.000019
  -118     0.000020
  -117     0.000024
  -116     0.000030
  -115     0.000037
  -114     0.000046
  -113     0.000055
  -112     0.000064
  -111     0.000072
  -110     0.000082
  -109     0.000096
  -108     0.000116
  -107     0.000145
  -106     0.000186
  -105     0.000235
  -104     0.000289
  -103     0.000346
  -102     0.000402
  -101     0.000457
  -100     0.000512
   -99     0.000569
   -98     0.000630
   -97     0.000699
   -96     0.000777
   -95     0.000864
   -94     0.000963
   -93     0.001076
   -92     0.001202
   -91     0.001344
   -90     0.001494
   -89     0.001648
   -88     0.001799
   -87     0.001940
   -86     0.002068
   -85     0.002184
   -84     0.002290
   -83     0.002389
   -82     0.002484
   -81     0.002576
   -80     0.002666
   -79     0.002756
   -78     0.002849
   -77     0.002946
   -76     0.003053
   -75     0.003162
   -74     0.003261
   -73     0.003339
   -72     0.003386
   -71     0.003391
   -70     0.003371
   -69     0.003347
   -68     0.003340
   -67     0.003372
   -66     0.003459
   -65     0.003582
   -64     0.003717
   -63     0.003839
   -62     0.003920
   -61     0.003944
   -60     0.003929
   -59     0.003905
   -58     0.003902
   -57     0.003949
   -56     0.004064
   -55     0.004225
   -54     0.004399
   -53     0.004556
   -52     0.004663
   -51     0.004703
   -50     0.004697
   -49     0.004674
   -48     0.004664
   -47     0.004694
   -46     0.004779
   -45     0.004906
   -44     0.005050
   -43     0.005190
   -42     0.005304
   -41     0.005382
   -40     0.005440
   -39     0.005496
   -38     0.005569
   -37     0.005678
   -36     0.005830
   -35     0.006012
   -34     0.006204
   -33     0.006386
   -32     0.006539
   -31     0.006648
   -30     0.006723
   -29     0.006777
   -28     0.006824
   -27     0.006878
   -26     0.006950
   -25     0.007036
   -24     0.007125
   -23     0.007210
   -22     0.007281
   -21     0.007332
   -20     0.007372
   -19     0.007410
   -18     0.007460
   -17     0.007531
   -16     0.007636
   -15     0.007774
   -14     0.007940
   -13     0.008131
   -12     0.008342
   -11     0.008563
   -10     0.008788
    -9     0.009011
    -8     0.009224
    -7     0.009424
    -6     0.009609
    -5     0.009775
    -4     0.009922
    -3     0.010045
    -2     0.010141
    -1     0.010200
     0     0.010220
     1     0.010200
     2     0.010141
     3     0.010045
     4     0.009922
     5     0.009775
     6     0.009609
     7     0.009424
     8     0.009224
     9     0.009011
    10     0.008788
    11     0.008563
    12     0.008342
    13     0.008131
    14     0.007940
    15     0.007774
    16     0.007636
    17     0.007531
    18     0.007460
    19     0.007410
    20     0.007372
    21     0.007332
    22     0.007281
    23     0.007210
    24     0.007125
    25     0.007036
    26     0.006950
    27     0.006878
    28     0.006824
    29     0.006777
    30     0.006723
    31     0.006648
    32     0.006539
    33     0.006386
    34     0.006204
    35     0.006012
    36     0.005830
    37     0.005678
    38     0.005569
    39     0.005496
    40     0.005440
    41     0.005382
    42     0.005304
    43     0.005190
    44     0.005050
    45     0.004906
    46     0.004779
    47     0.004694
    48     0.004664
    49     0.004674
    50     0.004697
    51     0.004703
    52     0.004663
    53     0.004556
    54     0.004399
    55     0.004225
    56     0.004064
    57     0.003949
    58     0.003902
    59     0.003905
    60     0.003929
    61     0.003944
    62     0.003920
    63     0.003839
    64     0.003717
    65     0.003582
    66     0.003459
    67     0.003372
    68     0.003340
    69     0.003347
    70     0.003371
    71     0.003391
    72     0.003386
    73     0.003339
    74     0.003261
    75     0.003162
    76     0.003053
    77     0.002946
    78     0.002849
    79     0.002756
    80     0.002666
    81     0.002576
    82     0.002484
    83     0.002389
    84     0.002290
    85     0.002184
    86     0.002068
    87     0.001940
    88     0.001799
    89     0.001648
    90     0.001494
    91     0.001344
    92     0.001202
    93     0.001076
    94     0.000963
    95     0.000864
    96     0.000777
    97     0.000699
    98     0.000630
    99     0.000569
   100     0.000512
   101     0.000457
   102     0.000402
   103     0.000346
   104     0.000289
   105     0.000235
   106     0.000186
   107     0.000145
   108     0.000116
   109     0.000096
   110     0.000082
   111     0.000072
   112     0.000064
   113     0.000055
   114     0.000046
   115     0.000037
   116     0.000030
   117     0.000024
   118     0.000020
   119     0.000019
   120     0.000018
   121     0.000017
   122     0.000016
   123     0.000013
   124     0.000010
   125     0.000006
   126     0.000003
   127     0.000000
   128     0.000000
   129     0.000000
   130     0.000000
   131     0.000000
   132     0.000000
   133     0.000000
   134     0.000000
   135     0.000000
   136     0.000000
   137     0.000000
   138     0.000000
   139     0.000000
   140     0.000000
   141     0.000000
   142     0.000000
   143     0.000000
   144     0.000000
   145     0.000000
   146     0.000000
   147     0.000000
   148     0.000000
   149     0.000000
   150     0.000000
   151     0.000000
   152     0.000000
   153     0.000000
   154     0.000000
   155     0.000000
   156     0.000000
   157     0.000000
   158     0.000000
