## smooth -i relgc.txt
   -90     0.000000
   -89     0.000000
   -88     0.000000
   -87     0.000000
   -86     0.000000
   -85     0.000000
   -84     0.000000
   -83     0.000000
   -82     0.000000
   -81     0.000000
   -80     0.000103
   -79     0.000035
   -78     0.000039
   -77     0.000088
   -76     0.000154
   -75     0.000207
   -74     0.000225
   -73     0.000214
   -72     0.000183
   -71     0.000142
   -70     0.000103
   -69     0.000075
   -68     0.000060
   -67     0.000059
   -66     0.000073
   -65     0.000103
   -64     0.000149
   -63     0.000203
   -62     0.000254
   -61     0.000293
   -60     0.000310
   -59     0.000300
   -58     0.000271
   -57     0.000237
   -56     0.000211
   -55     0.000207
   -54     0.000233
   -53     0.000280
   -52     0.000335
   -51     0.000384
   -50     0.000414
   -49     0.000416
   -48     0.000406
   -47     0.000406
   -46     0.000436
   -45     0.000517
   -44     0.000663
   -43     0.000855
   -42     0.001067
   -41     0.001273
   -40     0.001447
   -39     0.001572
   -38     0.001668
   -37     0.001763
   -36     0.001887
   -35     0.002068
   -34     0.002322
   -33     0.002618
   -32     0.002910
   -31     0.003155
   -30     0.003308
   -29     0.003338
   -28     0.003265
   -27     0.003127
   -26     0.002957
   -25     0.002791
   -24     0.002661
   -23     0.002583
   -22     0.002570
   -21     0.002635
   -20     0.002791
   -19     0.003040
   -18     0.003335
   -17     0.003620
   -16     0.003837
   -15     0.003928
   -14     0.003862
   -13     0.003701
   -12     0.003531
   -11     0.003440
   -10     0.003515
    -9     0.003813
    -8     0.004271
    -7     0.004798
    -6     0.005300
    -5     0.005686
    -4     0.005889
    -3     0.005953
    -2     0.005945
    -1     0.005937
     0     0.005996
     1     0.006175
     2     0.006455
     3     0.006801
     4     0.007177
     5     0.007547
     6     0.007877
     7     0.008140
     8     0.008310
     9     0.008362
    10     0.008270
    11     0.008030
    12     0.007718
    13     0.007434
    14     0.007275
    15     0.007340
    16     0.007692
    17     0.008257
    18     0.008925
    19     0.009586
    20     0.010131
    21     0.010478
    22     0.010650
    23     0.010702
    24     0.010684
    25     0.010648
    26     0.010640
    27     0.010672
    28     0.010749
    29     0.010877
    30     0.011062
    31     0.011299
    32     0.011555
    33     0.011784
    34     0.011945
    35     0.011992
    36     0.011908
    37     0.011772
    38     0.011688
    39     0.011761
    40     0.012096
    41     0.012745
    42     0.013559
    43     0.014339
    44     0.014882
    45     0.014990
    46     0.014535
    47     0.013684
    48     0.012678
    49     0.011758
    50     0.011165
    51     0.011066
    52     0.011338
    53     0.011783
    54     0.012205
    55     0.012406
    56     0.012243
    57     0.011793
    58     0.011187
    59     0.010555
    60     0.010028
    61     0.009702
    62     0.009540
    63     0.009468
    64     0.009413
    65     0.009304
    66     0.009087
    67     0.008782
    68     0.008431
    69     0.008075
    70     0.007754
    71     0.007496
    72     0.007283
    73     0.007086
    74     0.006874
    75     0.006616
    76     0.006295
    77     0.005934
    78     0.005568
    79     0.005232
    80     0.004962
    81     0.004780
    82     0.004658
    83     0.004554
    84     0.004428
    85     0.004239
    86     0.003957
    87     0.003606
    88     0.003219
    89     0.002833
    90     0.002481
    91     0.002193
    92     0.001970
    93     0.001808
    94     0.001704
    95     0.001654
    96     0.001649
    97     0.001665
    98     0.001673
    99     0.001644
   100     0.001551
   101     0.001375
   102     0.001144
   103     0.000899
   104     0.000676
   105     0.000517
   106     0.000000
   107     0.000000
   108     0.000000
   109     0.000000
   110     0.000000
   111     0.000000
   112     0.000000
   113     0.000000
   114     0.000000
   115     0.000000
