## smooth -i parchild.txt
   -98     0.000000
   -97     0.000000
   -96     0.000000
   -95     0.000000
   -94     0.000000
   -93     0.000000
   -92     0.000000
   -91     0.000000
   -90     0.000000
   -89     0.000000
   -88     0.000000
   -87     0.000000
   -86     0.000000
   -85     0.000001
   -84     0.000008
   -83     0.000015
   -82     0.000019
   -81     0.000021
   -80     0.000024
   -79     0.000026
   -78     0.000030
   -77     0.000035
   -76     0.000043
   -75     0.000054
   -74     0.000067
   -73     0.000083
   -72     0.000102
   -71     0.000125
   -70     0.000152
   -69     0.000185
   -68     0.000222
   -67     0.000266
   -66     0.000316
   -65     0.000372
   -64     0.000435
   -63     0.000504
   -62     0.000581
   -61     0.000665
   -60     0.000756
   -59     0.000854
   -58     0.000960
   -57     0.001072
   -56     0.001190
   -55     0.001312
   -54     0.001436
   -53     0.001561
   -52     0.001684
   -51     0.001806
   -50     0.001927
   -49     0.002049
   -48     0.002170
   -47     0.002293
   -46     0.002414
   -45     0.002534
   -44     0.002650
   -43     0.002761
   -42     0.002866
   -41     0.002964
   -40     0.003057
   -39     0.003144
   -38     0.003225
   -37     0.003302
   -36     0.003375
   -35     0.003445
   -34     0.003511
   -33     0.003575
   -32     0.003637
   -31     0.003697
   -30     0.003755
   -29     0.003809
   -28     0.003861
   -27     0.003909
   -26     0.003956
   -25     0.004005
   -24     0.004059
   -23     0.004121
   -22     0.004191
   -21     0.004270
   -20     0.004355
   -19     0.004442
   -18     0.004531
   -17     0.004619
   -16     0.004711
   -15     0.004812
   -14     0.004926
   -13     0.005059
   -12     0.005212
   -11     0.005381
   -10     0.005556
    -9     0.005728
    -8     0.005889
    -7     0.006038
    -6     0.006210
    -5     0.006448
    -4     0.006795
    -3     0.007293
    -2     0.007960
    -1     0.008703
     0     0.009404
     1     0.009945
     2     0.010208
     3     0.010116
     4     0.009768
     5     0.009304
     6     0.008865
     7     0.008592
     8     0.008589
     9     0.008814
    10     0.009191
    11     0.009640
    12     0.010085
    13     0.010464
    14     0.010786
    15     0.011073
    16     0.011352
    17     0.011645
    18     0.011970
    19     0.012318
    20     0.012670
    21     0.013008
    22     0.013317
    23     0.013581
    24     0.013804
    25     0.013993
    26     0.014155
    27     0.014296
    28     0.014421
    29     0.014524
    30     0.014597
    31     0.014633
    32     0.014622
    33     0.014560
    34     0.014452
    35     0.014308
    36     0.014134
    37     0.013941
    38     0.013733
    39     0.013509
    40     0.013265
    41     0.012996
    42     0.012697
    43     0.012367
    44     0.012012
    45     0.011639
    46     0.011256
    47     0.010872
    48     0.010494
    49     0.010121
    50     0.009752
    51     0.009387
    52     0.009025
    53     0.008664
    54     0.008306
    55     0.007951
    56     0.007601
    57     0.007255
    58     0.006917
    59     0.006585
    60     0.006263
    61     0.005950
    62     0.005650
    63     0.005361
    64     0.005084
    65     0.004816
    66     0.004557
    67     0.004304
    68     0.004056
    69     0.003813
    70     0.003576
    71     0.003344
    72     0.003118
    73     0.002898
    74     0.002685
    75     0.002479
    76     0.002281
    77     0.002092
    78     0.001911
    79     0.001739
    80     0.001575
    81     0.001420
    82     0.001273
    83     0.001134
    84     0.001004
    85     0.000884
    86     0.000772
    87     0.000671
    88     0.000580
    89     0.000499
    90     0.000428
    91     0.000368
    92     0.000317
    93     0.000276
    94     0.000242
    95     0.000212
    96     0.000184
    97     0.000155
    98     0.000124
    99     0.000090
   100     0.000057
   101     0.000027
   102     0.000000
