## smooth -i relsib.txt
  -105     0.000000
  -104     0.000000
  -103     0.000000
  -102     0.000000
  -101     0.000000
  -100     0.000000
   -99     0.000000
   -98     0.000000
   -97     0.000000
   -96     0.000000
   -95     0.000108
   -94     0.000116
   -93     0.000145
   -92     0.000185
   -91     0.000228
   -90     0.000432
   -89     0.000472
   -88     0.000525
   -87     0.000593
   -86     0.000675
   -85     0.000771
   -84     0.000880
   -83     0.000999
   -82     0.001122
   -81     0.001243
   -80     0.001356
   -79     0.001458
   -78     0.001550
   -77     0.001634
   -76     0.001712
   -75     0.001788
   -74     0.001863
   -73     0.001943
   -72     0.002031
   -71     0.002132
   -70     0.002250
   -69     0.002387
   -68     0.002528
   -67     0.002657
   -66     0.002755
   -65     0.002805
   -64     0.002798
   -63     0.002754
   -62     0.002702
   -61     0.002668
   -60     0.002682
   -59     0.002763
   -58     0.002898
   -57     0.003067
   -56     0.003249
   -55     0.003422
   -54     0.003570
   -53     0.003694
   -52     0.003800
   -51     0.003892
   -50     0.003977
   -49     0.004058
   -48     0.004138
   -47     0.004217
   -46     0.004296
   -45     0.004377
   -44     0.004460
   -43     0.004542
   -42     0.004620
   -41     0.004689
   -40     0.004747
   -39     0.004793
   -38     0.004833
   -37     0.004878
   -36     0.004939
   -35     0.005025
   -34     0.005142
   -33     0.005285
   -32     0.005443
   -31     0.005606
   -30     0.005765
   -29     0.005912
   -28     0.006056
   -27     0.006210
   -26     0.006386
   -25     0.006597
   -24     0.006849
   -23     0.007127
   -22     0.007412
   -21     0.007684
   -20     0.007923
   -19     0.008119
   -18     0.008310
   -17     0.008545
   -16     0.008873
   -15     0.009341
   -14     0.009979
   -13     0.010740
   -12     0.011558
   -11     0.012367
   -10     0.013102
    -9     0.013711
    -8     0.014210
    -7     0.014629
    -6     0.014999
    -5     0.015352
    -4     0.015707
    -3     0.016041
    -2     0.016321
    -1     0.016513
     0     0.016585
     1     0.016513
     2     0.016321
     3     0.016041
     4     0.015707
     5     0.015352
     6     0.014999
     7     0.014629
     8     0.014210
     9     0.013711
    10     0.013102
    11     0.012367
    12     0.011558
    13     0.010740
    14     0.009979
    15     0.009341
    16     0.008873
    17     0.008545
    18     0.008310
    19     0.008119
    20     0.007923
    21     0.007684
    22     0.007412
    23     0.007127
    24     0.006849
    25     0.006597
    26     0.006386
    27     0.006210
    28     0.006056
    29     0.005912
    30     0.005765
    31     0.005606
    32     0.005443
    33     0.005285
    34     0.005142
    35     0.005025
    36     0.004939
    37     0.004878
    38     0.004833
    39     0.004793
    40     0.004747
    41     0.004689
    42     0.004620
    43     0.004542
    44     0.004460
    45     0.004377
    46     0.004296
    47     0.004217
    48     0.004138
    49     0.004058
    50     0.003977
    51     0.003892
    52     0.003800
    53     0.003694
    54     0.003570
    55     0.003422
    56     0.003249
    57     0.003067
    58     0.002898
    59     0.002763
    60     0.002682
    61     0.002668
    62     0.002702
    63     0.002754
    64     0.002798
    65     0.002805
    66     0.002755
    67     0.002657
    68     0.002528
    69     0.002387
    70     0.002250
    71     0.002132
    72     0.002031
    73     0.001943
    74     0.001863
    75     0.001788
    76     0.001712
    77     0.001634
    78     0.001550
    79     0.001458
    80     0.001356
    81     0.001243
    82     0.001122
    83     0.000999
    84     0.000880
    85     0.000771
    86     0.000675
    87     0.000593
    88     0.000525
    89     0.000472
    90     0.000432
    91     0.000228
    92     0.000185
    93     0.000145
    94     0.000116
    95     0.000108
    96     0.000000
    97     0.000000
    98     0.000000
    99     0.000000
   100     0.000000
   101     0.000000
   102     0.000000
   103     0.000000
   104     0.000000
   105     0.000000
